% constantes globais
function [rcnt, pcnt]=  FUNCNTs(Tta, Lambda)

%      Coefficients (with 95% confidence bounds):


      
       p00 =  -16316.2868593462 ;%  (-2.477e+04, -7863)
       p10 =  -240.032159006 ;%  (-2325, 1845)
       p01 =   157403.969183429;%  (8.567e+04, 2.291e+05)
       p20 =  64.8270025569884;%  (-406.8, 536.4)
       p11 =  447.819168418837;%  (-9248, 1.014e+04)
       p02 =  -595680.355754504;%  (-8.477e+05, -3.437e+05)
       p30 =  -15.0354636315159;%  (-73.1, 43.03)
       p21 =  13.0154376756417;%  (-1357, 1383)
       p12 =  -507.061712041342;%  (-2.067e+04, 1.965e+04)
       p03 =   1114301.0514969;%  (6.653e+05, 1.563e+06)
       p40 =  0.418835677996327;%  (-2.539, 3.377)
       p31 =  44.3547554241902;%  (-80.71, 169.4)
       p22 =  -607.367004083277;%  (-2071, 856.5)
       p13 =   3014.05775768431;%  (-1.82e+04, 2.423e+04)
       p04 =    -1037479.86124149;%  (-1.441e+06, -6.341e+05)
       p41 =   -0.82944986771194;%  (-6.284, 4.625)
       p32 =    -27.8894068994911;%  (-93.82, 38.04)
       p23 =  624.718003553738;%  (-70.3, 1320)
       p14 =   -3564.4780807802;%  (-1.279e+04, 5660)
       p05 =  386470.935981709;%  (2.405e+05, 5.325e+05)

       x = Lambda;
       y = Tta;


     Bcnt = p00 + p10.*x + p01.*y + p20.*x.^2 + p11.*x.*y + p02.*y.^2 + p30.*x.^3 ...
                    + p21.*x.^2.*y + p12.*x.*y.^2 + p03.*y.^3 + p40.*x.^4 + p31.*x.^3.*y ...
                    + p22.*x.^2.*y.^2 + p13.*x.*y.^3 + p04.*y.^4 + p41.*x.^4.*y + p32.*x.^3.*y.^2 ...
                    + p23.*x.^2.*y.^3 + p14.*x.*y.^4 + p05.*y.^5;


rcnt = 1;

pcnt = Bcnt;

end

